"""  Ciao! Come medico, posso garantire che il clima estivo può influire sulla pressione sanguigna e sulla frequenza cardiaca. Ecco perché:

1. Umidità e temperatura elevate: Durante l'estate, la temperatura è spesso più alta e l'umidità è maggiore. Questi fattori possono causare un aumento della pressione sanguigna e una frequenza cardiaca più rapida.
2. Attività fisica ridotta: Durante l'inverno, le persone tendono a ridurre la loro attività fisica a causa del clima freddo e umido. Ciò può contribuire a un aumento della pressione sanguigna e a una frequenza cardiaca più bassa.
3. Stress da caldo: La temperatura elevata può portare alla sensazione di stress e ansia, il che può influire sulla pressione sanguigna e sulla frequenza cardiaca.
4. Deidratazione: Durante l'estate, la transpirazione è più intensa, il che può portare a una perdita di fluidi e ad un aumento della pressione sanguigna.
5. Infezioni respiratorie: L'estate è una stagione in cui le infezioni respiratorie sono più comuni, il che può influire sulla pressione sanguigna e sulla frequenza cardiaca.

In generale, è importante mantenere una buona idratazione durante tutta l'anno per evitare problemi di pressione sanguigna e frequenza cardiaca. Inoltre, è consigliabile consultare un medico se si presentano sintomi come dolori di testa, nausea o vertigini, che possono essere causati da modifiche della pressione sanguigna.

Spero che questa informazione ti sia stata utile! Se hai altre domande, non esitare a chiedere.""" "Il clima può influenzare l'ipertensione in vari modi. Temperature elevate e umidità possono aumentare la pressione sanguigna, mentre il freddo può causare vasocostrizione. È importante monitorare la pressione arteriosa regolarmente in diverse condizioni climatiche e adottare misure adeguate come l'idratazione e la regolazione dell'abbigliamento. Consulta il tuo medico per ulteriori informazioni specifiche al tuo caso."
