"""Sono felice di sentire che ti senti stabile! Tuttavia, voglio sottolineare l'importanza della monitorazione regolare della tua pressione sanguigna e della frequenza cardiaca per garantire la tua salute a lungo termine.

Posso suggerirti di effettuare una lettura della tua pressione sanguigna e della frequenza cardiaca regolarmente, ad esempio prima di andare a letto o alla fine dell'arco giornaliero? Inoltre, se hai bisogno di un aiuto per tenere traccia delle tue misurazioni, posso darti alcuni consigli su come utilizzare il nostro sistema di monitoraggio.""" "Mi dispiace, ma non posso rispondere a domande fuori contesto medico."
