"""Per prevenire le malattie cardiali, è importante mantenere il peso adatto, fare l'esperienza di un'altra attività quotidiana regularmente e fare l'esercizio da tempo. È anche importantissimo mantenere una dieta equilibrata e rilevante per la salute delle zinge cardiali. Inoltre, si dovrebbe sull'esame di base biologica (esame di riscaldamento) per determinare se ci sono problemi nei sistemi cardiali del paziente. Se trovato un problema significativo, potrebbero essere necessari trattamenti specializzati.""" "Puoi prevenire le malattie cardiache adottando uno stile di vita sano: mantieni una dieta equilibrata, fai regolare attività fisica, evita il fumo, gestisci lo stress, controlla regolarmente la tua pressione sanguigna e il colesterolo. Consulta un medico per una valutazione personalizzata."
