""" pressione 1 media""" "ENTRAMBI 1 MEDIA"
